00 FF FF FF FF FF FF 00 32 F2 00 00 00 00 00 00 
10 13 01 04 83 00 00 78 16 9E CD 91 54 4C 99 23 
17 4D 50 00 00 00 01 01 01 01 01 01 01 01 01 01 
01 01 01 01 01 01 01 1D 80 D0 72 38 2D 40 10 2C 
45 00 80 38 74 00 00 1E 00 00 00 01 00 00 00 00 
00 00 00 00 00 00 00 00 00 00 00 00 00 FC 00 31 
39 32 30 78 31 30 38 30 40 32 35 00 00 00 00 FD 
00 17 19 1B 1D 07 00 00 00 00 00 00 00 00 01 1F 
02 03 4F 71 41 A1 3E 0F 7F 07 17 7F FF 27 7F FF 
3F 7F FF 4F 7F 00 57 7F 00 5F 7F 01 67 7F 00 6F 
7F 00 77 7F 03 83 7F 00 00 67 03 0C 00 11 00 F8 
42 00 00 00 00 00 00 00 00 00 00 00 00 00 00 00 
00 00 00 00 00 00 00 00 00 00 00 00 00 00 00 00 
00 00 00 00 00 00 00 00 00 00 00 00 00 00 00 00 
00 00 00 00 00 00 00 00 00 00 00 00 00 00 00 00 
00 00 00 00 00 00 00 00 00 00 00 00 00 00 00 7C 
