00 FF FF FF FF FF FF 00 32 F2 00 00 00 00 00 00 
10 13 01 04 83 00 00 78 16 9E CD 91 54 4C 99 23 
17 4D 50 00 00 00 01 01 01 01 01 01 01 01 01 01 
01 01 01 01 01 01 01 1D 00 BC 52 D0 1E 20 B8 28 
55 00 00 D0 52 00 00 1E 00 00 00 01 00 00 00 00 
00 00 00 00 00 00 00 00 00 00 00 00 00 FC 00 31 
32 38 30 78 37 32 30 70 40 35 30 00 00 00 00 FD 
00 30 32 24 26 07 00 00 00 00 00 00 00 00 01 3F 
02 03 4F 71 41 93 3E 0F 7F 07 17 7F FF 27 7F FF 
3F 7F FF 4F 7F 00 57 7F 00 5F 7F 01 67 7F 00 6F 
7F 00 77 7F 03 83 7F 00 00 67 03 0C 00 11 00 F8 
42 00 00 00 00 00 00 00 00 00 00 00 00 00 00 00 
00 00 00 00 00 00 00 00 00 00 00 00 00 00 00 00 
00 00 00 00 00 00 00 00 00 00 00 00 00 00 00 00 
00 00 00 00 00 00 00 00 00 00 00 00 00 00 00 00 
00 00 00 00 00 00 00 00 00 00 00 00 00 00 00 8A 
