00 FF FF FF FF FF FF 00 34 A9 91 D0 05 00 16 19 
13 13 01 03 80 00 00 78 0A CE 30 A7 57 58 9B 24 
10 51 5B 2F EF 80 81 80 A9 40 90 40 81 C0 81 00 
95 00 B3 00 01 01 64 19 00 40 41 00 26 30 18 88 
36 00 55 00 54 00 00 18 02 3A 80 18 71 38 2D 40 
58 2C 45 00 1C 00 74 00 00 18 00 00 00 FC 00 44 
36 30 30 30 20 20 20 20 20 20 20 20 00 00 00 FD 
00 17 79 0F 64 11 00 0A 20 20 20 20 20 20 01 0D 
02 03 10 00 4B 05 14 04 13 02 11 01 10 1F 20 21 
01 1D 80 18 71 1C 16 20 58 2C 25 00 1C 00 74 00 
00 98 01 1D 80 D0 72 1C 16 20 10 2C 25 80 1C 00 
74 00 00 98 01 1D 00 72 51 D0 1E 20 6E 28 55 00 
1C 00 74 00 00 18 01 1D 00 BC 52 D0 1E 20 B8 28 
55 40 1C 00 74 00 00 18 8C 0A D0 8A 20 E0 2D 10 
10 3E 96 00 56 00 54 00 00 18 8C 0A D0 90 20 40 
31 20 0C 40 55 00 56 00 54 00 00 18 00 00 00 B1 
